0.965406
0.524334
0.865172
0.565609
0.732598
0.861856
0.772083
0.514551
0.699843
0.155585
0.350390
0.361046
0.835121
0.472708
0.996116
0.845067
0.965106
0.697855
0.278825
0.754811
0.311010
0.003106
0.011566
0.950457
0.354878
0.011468
0.464846
0.644816
0.209411
0.027864
0.407890
0.248872
0.279221
0.493689
0.107076
0.191872
0.788384
0.819903
0.020733
0.616215
0.763343
0.488002
0.352712
0.984219
0.002794
0.127362
0.276213
0.179552
0.494369
0.870196
0.823945
0.898869
0.252043
0.336465
0.930492
0.903574
0.252007
0.402718
0.744428
0.584973
0.171496
0.842686
0.986065
0.541957
0.742850
0.526497
0.868009
0.583616
0.959188
0.041825
0.703163
0.086066
0.298597
0.565466
0.085584
0.381343
0.645682
0.709164
0.030982
0.182237
0.385087
0.554118
0.976903
0.976891
0.009848
0.229267
0.772153
0.608684
0.322211
0.671711
0.513082
0.273549
0.765148
0.163330
0.006377
0.198177
0.308781
0.852291
0.547741
0.609904
0.146860
0.363583
0.333042
0.810639
0.384940
0.341812
0.210811
0.890555
0.420196
0.426442
0.354244
0.148862
0.532401
0.476112
0.260105
0.102466
0.493863
0.575381
0.163599
0.985364
0.412621
0.100937
0.584789
0.446076
0.493455
0.254247
0.581317
0.698800
0.579643
0.437970
0.716921
0.623419
0.298152
0.793884
0.158165
0.944298
0.788381
0.884135
0.090251
0.263798
0.770625
0.748407
0.168150
0.502444
0.651805
0.946692
0.040787
0.347470
0.681219
0.282999
0.990002
0.950866
0.188081
0.412611
0.672244
0.551183
0.280927
0.856813
0.713924
0.646064
0.361229
0.604100
0.672510
0.239639
0.490899
0.924019
0.718992
0.725305
0.102712
0.722619
0.540715
0.362973
0.359598
0.921203
0.864907
0.993609
0.830639
0.807165
0.731930
0.277508
0.946681
0.131551
0.130593
0.391193
0.833411
0.225464
0.826064
0.405490
0.908907
0.164167
0.998313
0.999708
0.950171
0.085782
0.605072
0.655547
0.965520
0.840581
0.112340
0.762294
0.993370
0.344536
0.169472
0.178370
0.107007
0.191396
0.460554
0.988699
0.190955
0.782160
0.828142
0.186019
0.112290
0.315360
0.156511
0.671318
0.304611
0.185845
0.836335
0.193717
0.078329
0.858156
0.105970
0.886413
0.890778
0.125626
0.374083
0.688465
0.508342
0.386058
0.438587
0.348075
0.415438
0.052616
0.725327
0.936685
0.190665
0.261909
0.864480
0.030005
0.005011
0.428648
0.533952
0.237313
0.698729
0.337696
0.190252
0.079404
0.204214
0.163368
0.534600
0.341498
0.179277
0.394831
0.380184
0.160200
0.070313
0.827348
0.296099
0.890965
0.953884
0.293932
0.952756
0.785764
0.279249
0.387780
0.442308
0.656409
0.045873
0.103832
0.437313
0.178147
0.151729
0.566995
0.177464
0.417518
0.373815
0.353990
0.542392
0.270522
0.100562
0.662332
0.720610
0.548882
0.523010
0.525979
0.407914
0.722158
0.349990
0.214702
0.786925
0.445458
0.928931
0.044153
0.749856
0.689898
0.546949
0.766996
0.150790
0.655429
0.284988
0.745832
0.583950
0.661841
0.813139
0.106934
0.953119
0.485203
0.832815
0.565172
0.890257
0.419826
0.210443
0.198280
0.433070
0.376932
0.587810
0.607920
0.262773
0.501033
0.773198
0.700587
0.836169
0.148813
0.346310
0.138705
0.570682
0.887271
0.363079
0.594246
0.963423
0.347368
0.197900
0.456515
0.657771
0.401004
0.367767
0.418128
0.647287
0.969338
0.777922
0.044751
0.507302
0.103629
0.131959
0.007255
0.679139
0.124959
0.902160
0.962846
0.977556
0.555744
0.558287
0.851031
0.885540
0.241282
0.004762
0.352115
0.127261
0.008319
0.230673
0.679387
0.299664
0.070871
0.712103
0.799181
0.675451
0.650804
0.386636
0.291774
0.396177
0.208850
0.135477
0.329052
0.512409
0.325932
0.072276
0.621492
0.686413
0.921058
0.022564
0.948869
0.773589
0.454446
0.976848
0.381804
0.176175
0.046709
0.675661
0.717698
0.040837
0.468454
0.981072
0.750416
0.431387
0.457347
0.942885
0.916978
0.244888
0.239739
0.410159
0.023816
0.918128
0.189802
0.717588
0.784821
0.737391
0.850635
0.895633
0.520314
0.305364
0.969521
0.620498
0.534377
0.740413
0.221198
0.137922
0.097713
0.920238
0.766496
0.928766
0.120030
0.896792
0.077684
0.192131
0.732788
0.917835
0.278324
0.573474
0.488937
0.876895
0.510572
0.555283
0.329691
0.802732
0.540653
0.212398
0.618717
0.216534
0.136916
0.844186
0.797648
0.408369
0.227005
0.949874
0.588706
0.665544
0.185420
0.781151
0.563532
0.837856
0.555182
0.451909
0.099946
0.891370
0.561658
0.871220
0.687381
0.566653
0.628975
0.409729
0.177575
0.872371
0.007853
0.882714
0.974156
0.189302
0.117442
0.718877
0.861313
0.078992
0.124315
0.750570
0.025694
0.382753
0.971574
0.222248
0.503657
0.274137
0.838940
0.764827
0.626475
0.011582
0.568166
0.168129
0.432738
0.510856
0.492701
0.656156
0.730136
0.759282
0.266867
0.712503
0.760440
0.575572
0.680021
0.425755
0.174047
0.475214
0.465504
0.810479
0.524045
0.038588
0.016602
0.925613
0.271441
0.120304
0.211167
0.097691
0.229636
0.934897
0.492313
0.362706
0.850931
0.786704
0.358562
0.765958
0.997579
0.980503
0.096290
0.787677
0.330901
0.006678
0.436979
0.475404
0.986680
0.392549
0.625759
0.020858
0.288884
0.267514
0.364105
0.114325
0.502940
0.037123
0.945315
0.869339
0.026227
0.616317
0.312206
0.873965
0.234729
0.902982
0.577292
0.232523
0.445723
0.915371
0.078569
0.032199
0.470478
0.831009
0.030178
0.478767
0.546062
0.438166
0.384919
0.508726
0.902573
0.017313
0.837834
0.286865
0.957397
0.140167
0.149169
0.752678
0.283631
0.175653
0.963533
0.510101
0.347114
0.337264
0.317335
0.905670
0.998653
0.964920
0.855974
0.462124
0.716508
0.229213
0.757034
0.406244
0.941344
0.525795
0.558456
0.147003
0.849810
0.724976
0.605755
0.436279
0.180643
0.854713
0.094663
0.662999
0.468788
0.857683
0.999552
0.754760
0.272361
0.531957
0.292647
0.811176
0.308105
0.945929
0.275254
0.714447
0.437662
0.622003
0.392927
0.336560
0.704935
0.775376
0.558636
0.794935
0.159642
0.971726
0.220906
0.834909
0.357987
0.709691
0.239821
0.988057
0.500519
0.860069
0.454425
0.505382
0.596991
0.665776
0.585521
0.234954
0.576068
0.865763
0.925681
0.880533
0.238442
0.700959
0.908588
0.716404
0.006509
0.760401
0.401337
0.547776
0.369378
0.033359
0.950397
0.637626
0.529945
0.564977
0.000356
0.542874
0.272965
0.530568
0.381220
0.503092
0.819764
0.507665
0.753432
0.888366
0.461732
0.817611
0.814857
0.318511
0.510847
0.582934
0.291681
0.647614
0.943485
0.250925
0.933865
0.664227
0.373611
0.597310
0.970941
0.376778
0.025661
0.493750
0.422036
0.307415
0.818459
0.485117
0.527791
0.910818
0.201768
0.636100
0.462895
0.654995
0.828855
0.567027
0.694508
0.766767
0.095095
0.927711
0.202269
0.486889
0.343334
0.860818
0.349148
0.936466
0.392543
0.587174
0.484558
0.184874
0.861349
0.197111
0.536513
0.394557
0.918967
0.770911
0.012436
0.879782
0.456805
0.064416
0.326120
0.600544
0.866983
0.620671
0.214754
0.088390
0.436006
0.397977
0.539048
0.950226
0.895424
0.156735
0.886060
0.717244
0.075189
0.583015
0.317711
0.304522
0.940521
0.103144
0.489468
0.214385
0.652231
0.339668
0.694224
0.588948
0.342397
0.957482
0.686691
0.249980
0.612596
0.587573
0.999964
0.888609
0.956501
0.564182
0.041285
0.822632
0.900177
0.722265
0.736577
0.323033
0.196813
0.579090
0.366360
0.724053
0.638819
0.104561
0.384726
0.691381
0.435194
0.107755
0.962289
0.773484
0.922657
0.920090
0.927862
0.763024
0.904386
0.757444
0.755042
0.306382
0.918696
0.997816
0.236361
0.111519
0.358817
0.600587
0.175256
0.191759
0.514548
0.863303
0.347738
0.556615
0.367238
0.494995
0.976394
0.024968
0.805777
0.042992
0.148045
0.423552
0.036398
0.580722
0.733452
0.025766
0.182657
0.587503
0.270315
0.161255
0.676489
0.178796
0.974347
0.964715
0.991950
0.690887
0.389421
0.513363
0.161173
0.922473
0.024358
0.746014
0.629177
0.196596
0.378494
0.567413
0.002264
0.333397
0.740472
0.850614
0.152012
0.286342
0.515656
0.898418
0.174181
0.572863
0.124037
0.309141
0.236956
0.034039
0.299415
0.186299
0.865075
0.784988
0.789824
0.687250
0.039042
0.377104
0.179903
0.653767
0.807340
0.715362
0.843926
0.564780
0.310013
0.788878
0.680748
0.541543
0.936758
0.777443
0.014652
0.976082
0.145281
0.604752
0.404791
0.687175
0.793305
0.174498
0.125428
0.772765
0.917715
0.538486
0.358764
0.258696
0.249268
0.728338
0.518417
0.725245
0.899439
0.136440
0.967997
0.703570
0.724105
0.264466
0.349138
0.623277
0.409955
0.289964
0.736310
0.507776
0.872082
0.385686
0.702911
0.210874
0.841561
0.818608
0.246373
0.181368
0.722060
0.303958
0.086116
0.564488
0.851860
0.469284
0.003453
0.281945
0.957101
0.210689
0.143937
0.401275
0.572179
0.208281
0.466461
0.841186
0.849185
0.243378
0.696277
0.620046
0.534565
0.085363
0.579193
0.845244
0.416393
0.902595
0.994856
0.699404
0.984436
0.817773
0.722391
0.068360
0.484997
0.106823
0.164032
0.416906
0.973785
0.018276
0.111765
0.296620
0.739993
0.579418
0.823468
0.337315
0.010917
0.605692
0.209540
0.551114
0.392752
0.000067
0.338983
0.483394
0.754738
0.127871
0.288063
0.158381
0.068364
0.573658
0.538424
0.037555
0.057538
0.733877
0.672545
0.935286
0.634073
0.132305
0.859405
0.033857
0.266703
0.526477
0.483245
0.119090
0.405503
0.556626
0.497967
0.418285
0.813819
0.620176
0.948040
0.706608
0.218824
0.746516
0.535420
0.103395
0.905519
0.847450
0.219785
0.634061
0.501049
0.856605
0.480054
0.802599
0.501967
0.688251
0.797517
0.502384
0.437089
0.754188
0.739717
0.424038
0.695574
0.268176
0.085369
0.729800
0.807082
0.879442
0.691524
0.242604
0.750649
0.708728
0.875443