-1.433536
0.356564
0.778654
-0.015642
0.998606
0.472850
2.493138
-1.052722
0.442438
-0.658910
0.179116
2.692742
2.385768
-0.928646
0.084610
0.894522
-0.890426
-0.853124
-0.339378
-1.748594
1.268938
1.884056
-2.613774
1.075992
1.179672
1.642130
-0.344802
-0.378526
-0.702958
-0.993126
2.439116
-0.882676
2.134532
-0.681204
-0.409696
-0.814046
1.831584
-0.508698
2.394588
0.763434
1.127534
0.010370
-0.988228
-3.315602
1.602398
-0.194094
-1.427822
-0.074558
0.519666
-1.318098
0.422488
-0.240920
0.793792
-0.575000
2.287592
-1.178490
-0.350752
1.744106
-0.177850
-0.370608
2.163206
-0.367258
-0.407242
3.532848
-1.331920
0.958008
-2.404380
-2.167934
-1.350618
-1.648578
-0.975544
1.055656
0.805572
0.670024
1.602236
1.421096
0.157852
0.137954
0.102966
3.150888
-0.210026
0.965212
-1.469636
-0.434420
1.777354
0.091966
2.373610
4.702812
-1.483648
1.335222
0.151754
1.028072
1.406448
0.477354
-0.021990
0.147310
0.378976
-0.501634
1.257772
-1.598178
1.961042
0.064236
1.961814
1.030114
-1.329490
-0.111340
-0.185584
-0.431126
1.877678
0.559770
0.972142
1.935490
2.505978
-0.265412
2.307056
1.050534
0.324926
0.713430
-2.033740
-1.139486
2.550058
-0.370182
-0.572804
0.071310
-1.793228
-1.238532
0.195262
-2.942030
2.860986
-2.622034
-1.201136
-2.298560
-0.130564
-0.555884
-1.434630
-0.668694
0.582144
0.572850
1.885422
-0.229254
0.861868
1.105870
-3.817868
-1.205416
-0.866962
-1.348354
0.093280
-2.537650
1.123914
-1.643584
-1.114070
-0.226968
2.111266
-1.561178
0.661666
-0.812290
-1.450886
-0.755340
1.709024
0.318366
1.164792
0.993180
-0.464004
-1.056950
-0.097024
-1.068194
0.933952
-0.916046
1.849994
2.486678
1.782534
0.547050
-1.271708
2.553552
0.377284
2.814832
1.322224
-0.144096
-2.525314
-0.288492
0.576028
2.029352
-1.374446
0.633770
2.409016
-2.195792
-1.497278
-1.131414
-0.056382
0.644776
0.844796
1.681306
0.090892
1.391298
-1.591254
-1.506530
1.230944
0.563556
-0.338730
-1.585054
-0.306834
1.170314
-0.588968
-0.541924
-1.609968
-1.752656
-0.997296
0.138144
1.505286
-0.994022
-1.331328
-2.183820
-1.008786
0.250770
0.108858
-2.673950
-2.111338
-1.254560
-2.251352
0.702626
0.710118
0.688826
-0.338236
-1.601598
0.189864
-0.739196
-1.142160
-0.262256
-1.114894
0.518054
-0.843302
1.324866
2.215886
-2.970138
0.151754
-1.731228
1.126928
-0.675404
-0.315738
1.056024
0.218964
0.786188
0.963034
-1.244254
-2.754674
1.264832
-0.941862
-0.903102
-0.599576
1.983070
-0.102476
0.441774
0.528994
0.664998
-2.777228
-0.777818
0.999156
0.949168
-2.503926
0.385210
-2.656020
-0.038994
-0.508664
-1.158806
-0.831358
-3.980894
1.587272
-1.085556
3.775572
0.139780
0.261080
-0.284014
-0.132236
0.649540
-0.042446
-0.231296
0.455288
2.009242
-1.692942
-1.402084
0.088270
0.412054
0.952044
-1.434406
2.095494
1.770272
-0.406342
0.793106
-2.495626
0.180588
2.949450
0.387608
-1.664848
-0.749716
-2.236822
1.301758
-1.102832
-0.078320
-0.032000
0.535810
3.215296
-0.299282
0.979978
1.372362
-0.319652
-0.497602
0.544358
1.332790
0.717676
2.370932
-2.484060
-0.166728
0.367466
-0.921786
-0.203786
-2.783720
-1.115152
0.550216
-2.558272
2.280828
-0.789944
-0.308666
0.831780
1.012680
0.044158
-2.121306
-0.267930
-1.233696
-2.601864
0.536122
0.051446
-1.667946
-0.482816
0.478898
0.183568
2.758794
-0.283486
0.024782
0.033718
-1.815402
-2.056038
2.486070
2.040884
0.908408
2.913484
0.627152
0.327828
-1.166482
2.111852
-0.996484
0.350572
4.210996
1.742840
0.098804
0.428732
1.177770
0.029080
1.859798
-2.678582
0.916316
1.484646
2.335582
-1.480140
-0.545342
-0.853722
1.357762
-1.034508
0.552288
1.264074
0.188754
-0.462274
0.637764
1.526474
-0.368530
-1.347202
-2.595624
0.636032
-0.659006
0.955042
1.603488
-0.779228
0.464940
0.517808
0.767574
2.601478
3.094390
-3.322586
0.156598
-2.166302
0.434564
0.325380
1.659252
-1.621308
1.661136
0.537386
-0.137494
-1.305984
-0.174316
-0.942968
1.542496
-2.856974
0.055366
2.023580
0.806558
0.683516
0.885186
-1.474166
-0.977802
-2.605454
-0.188046
0.209920
0.768476
-0.579646
0.266814
0.541260
0.884676
-0.148372
-0.602884
1.286542
-0.578138
0.473126
0.321494
-1.918738
2.001694
-0.355596
-2.387662
1.192538
1.711976
0.905584
-1.448070
-0.938840
1.104310
-2.576710
0.969576
-0.778470
-0.896338
0.095864
0.896168
0.419580
0.148334
-0.720096
-0.615442
0.741722
-0.019880
0.096478
0.952706
0.768384
-2.195124
0.579434
0.489728
-2.794134
-2.319180
-0.175496
-1.538590
2.178958
-2.184748
0.106484
-0.824082
1.359564
-2.052204
0.568000
-0.421090
-0.620440
-0.349650
0.763468
-0.844344
0.146232
-0.155874
-0.561950
-0.160404
1.816808
1.039814
-1.000122
1.212716
-1.677588
-2.447874
-1.762574
0.240338
-2.450340
1.279016
-0.806492
-0.635500
-1.523594
-0.038924
-1.223594
-0.067024
-1.775220
1.871568
0.967262
-0.594882
0.192392
-0.871072
2.796756
-1.179322
1.024092
-0.771542
-0.187012
-2.733230
-1.023430
-0.452348
-0.938838
-0.997102
1.394020
-2.309746
1.014796
1.596508
1.011410
1.430548
0.523694
-0.562124
0.096808
-0.266042
0.989314
-1.833420
-0.982270
0.817114
-2.484686
-0.687034
-0.518062
1.573948
0.298808
-2.692130
-2.077506
0.239476
-0.660112
-3.388626
1.042336
1.890756
-0.462684
-0.446564
0.965866
1.525630
0.351378
-1.204064
-0.852742
-0.502540
-0.616610
0.034782
-0.557802
-0.299018
3.097062
-0.985800
-1.903384
0.688432
0.189202
-1.654286
2.241390
-0.931624
0.009254
-1.351150
2.278006
-0.371250
-1.113346
1.116166
0.509786
-0.766742
1.251604
2.572016
-2.027400
-0.315186
-2.902960
-1.011568
0.505920
-1.311616
0.712276
1.478320
0.888588
-2.200448
0.628114
-1.596598
-0.595832
-0.018106
-1.385866
-0.291270
0.650356
0.339886
0.590218
0.615370
-0.815182
-1.732566
-2.551956
2.490192
0.874082
0.073564
0.464806
-0.527688
0.475438
1.784094
-1.728144
0.566862
-1.210260
0.066538
-2.127516
0.970142
0.215838
0.714046
1.444490
3.127880
0.506978
-2.553296
-0.225212
1.203360
-1.560762
-0.225742
-0.187856
-0.477504
0.091038
-0.691770
-0.923820
-0.167942
2.089802
1.253332
0.295072
-0.265330
-1.378336
-2.167546
2.447986
-0.133586
-0.944630
0.716136
-1.890766
-1.797202
-1.446230
0.146026
-3.072884
-2.820860
-0.036570
-0.409134
-2.714924
-1.883860
-0.825470
-2.192806
1.100648
2.830252
-0.496518
0.316146
-2.474234
-2.336958
1.181974
1.917454
0.697760
-1.966182
-1.042384
0.543106
0.577332
0.133602
3.320784
0.042708
2.887006
-0.999444
0.622792
0.310582
1.308520
-2.345438
-0.226866
-1.665358
-0.269774
1.569606
-0.472384
0.882144
-2.029844
-0.570872
-2.231180
-0.576136
-0.613826
1.679896
0.620702
-2.381978
2.422662
-2.499560
0.683872
-0.795806
-1.259094
3.262870
-0.211212
0.015398
1.353682
-0.728262
0.391362
0.522592
-3.261866
-1.737072
1.445030
0.154524
-1.289378
-0.884960
-0.090128
0.591096
-1.532334
-1.200994
1.399530
-1.462688
-2.154952
1.867918
0.648266
-1.062048
-1.581446
0.102214
-1.210962
-1.000418
-1.163824
1.601764
0.988978
-0.547880
-0.794294
-0.374674
1.252710
-2.336564
-1.342466
1.937114
0.244966
-0.433322
-2.503808
0.489650
1.602152
-0.864644
-1.556282
-0.480244
0.582436
-0.785230
-0.458710
-1.867074
-0.129794
-0.827914
-2.132006
-0.397912
-0.086936
1.011324
-1.757404
1.012316
-1.693602
-1.018248
2.725344
0.795824
0.487202
0.437668
-1.471210
-0.022202
0.338222
-0.299454
0.416170
-0.460682
1.990758
1.715170
-1.849068
-0.704964
-0.497214
0.484612
-0.122600
-2.468942
2.469750
-1.129222
0.886760
-0.910808
-0.311722
-0.607910
-0.499774
0.190590
-0.627990
2.004546
-0.298828
-2.694326
1.089040
1.308628
0.249752
-1.750972
-1.484310
-0.052316
-0.129542
0.236636
0.789086
-1.571670
-0.159702
-1.871644
2.272526
-2.970370
0.951342
0.369484
-0.982418
-0.974136
0.644174
-1.812988
0.804690
1.409164
-0.208654
2.319588
-0.601122
2.603026
-0.026740
-2.028630
0.524494
0.289146
-0.560548
-0.190186
-0.484096
-1.117696
-2.469816
-0.551042
1.773484
0.497810
-1.779698
-0.858228
-0.412344
1.104850
-2.308670
1.647608
0.061016
-0.076764
-0.643230
-0.635128
-0.631722
1.406002
0.195150
-1.487778
-1.505422
-1.560210
-0.764386
-2.068192
-1.729500
1.256090
-0.784250
0.781386
2.829836
0.885554
0.900820
2.076940
0.402118
1.354336
0.075562
-0.283226
-3.483030
-0.759500
-3.196894
-1.494070
1.733020
0.187834
-1.219096
-1.917234
0.399412
-1.235130
0.805760
3.192078
-1.069642
0.585400
1.275158
-0.347714
-1.007606
0.274378
0.716540
-0.513724
-1.739060
3.321016
-0.122070
1.904116
-1.302182
-1.206698
0.842354
-0.036236
-0.085720
-1.550212
-0.245396
0.450534
-0.352062
1.798360
-0.240922
1.164146
1.091712
0.870134
0.358146
-1.019922
-1.396512
-0.346184
-2.571718
2.150590
-0.921706
0.341556
1.691462
2.137224
1.170416
-2.202692
-0.111966
-0.327088
-1.341644
0.879714
0.550332
-0.981430
0.082856
1.023508
-0.539960
1.819540
-1.738976
-0.106632
-1.549690
-1.212120
0.192728
1.303624
0.180664
-0.111780
-0.104242
1.122086
-0.039804
-1.410716
-1.275876
0.047886
1.965926
-0.680798
-2.023772
-1.720122
-0.790616
0.399916
-1.081920
0.258192
-0.028092
0.651278
0.085300
-0.308148
1.583572
0.053766
1.389008
0.726932
0.913144
1.777024
-0.336198
-0.556020
-0.619212
-3.887626
-1.860884
1.139884
0.381940
-2.151658
-3.652066
1.345896
2.309288
-1.667338
-1.085588
1.602670
1.983638
-0.555950
0.763612
-0.724038
1.191206
-0.735166
0.557134
-2.873020
0.461126
0.252822
1.458358
-0.253704
0.393912
2.445228
2.213610
-1.382478
1.093502
-1.042644
0.813520
-0.646512
-0.886982
2.974200
-0.591082
-1.767982
-0.542088
1.812866
-1.493066
-0.915918
-3.264976
-1.242694
2.383788
-0.766592
-0.364584
-0.089312
2.741522
0.309910
1.298266
-0.226152
0.338798
-1.681992
-1.713238
1.755124
0.725460
-0.556286
-2.331868
1.282246
-1.664130
0.004782
-0.513584
-1.204142
-1.022644
0.338906
-1.024522
-1.085240
3.293934
-1.450376
-1.021070
-2.011294
1.160462
1.322220
-1.707526
0.596956
-2.379746
-0.659022