T,1101,10.0,10,5,12,1000.0,0,0,G0,0|T,1102,10.0,8.8,5,12,1000.0,0,0,G0,0|T,1201,10.0,20,5,12,1000.0,0,0,G0,0|T,1202,10.0,18.8,5,12,1000.0,0,0,G0,0|
T,1101,10.9,10,5,12,1000.1,0,0,G0,0|T,1102,10.9,8.8,5,12,1000.1,0,0,G0,0|
T,1101,11.8,10,5,12,1000.2,0,0,G0,0|T,1102,11.8,8.8,5,12,1000.2,0,0,G0,0|T,1201,11.8,20,5,12,1000.2,0,0,G0,0|T,1202,11.8,18.8,5,12,1000.2,0,0,G0,0|
T,1101,12.7,10,5,12,1000.3,0,0,G0,0|T,1102,12.7,8.8,5,12,1000.3,0,0,G0,0|
T,1101,13.6,10,5,12,1000.4,0,0,G0,0|T,1102,13.6,8.8,5,12,1000.4,0,0,G0,0|T,1201,13.6,20,5,12,1000.4,0,0,G0,0|T,1202,13.6,18.8,5,12,1000.4,0,0,G0,0|
T,1101,14.5,10,5,12,1000.5,0,0,G0,0|T,1102,14.5,8.8,5,12,1000.5,0,0,G0,0|
T,1101,15.4,10,5,12,1000.6,0,0,G0,0|T,1102,15.4,8.8,5,12,1000.6,0,0,G0,0|T,1201,15.4,20,5,12,1000.6,0,0,G0,0|T,1202,15.4,18.8,5,12,1000.6,0,0,G0,0|
T,1101,16.3,10,5,12,1000.7,0,0,G0,0|T,1102,16.3,8.8,5,12,1000.7,0,0,G0,0|
T,1101,17.2,10,5,12,1000.8,0,0,G0,0|T,1102,17.2,8.8,5,12,1000.8,0,0,G0,0|T,1201,17.2,20,5,12,1000.8,0,0,G0,0|T,1202,17.2,18.8,5,12,1000.8,0,0,G0,0|
T,1101,18.1,10,5,12,1000.9,0,0,G0,0|T,1102,18.1,8.8,5,12,1000.9,0,0,G0,0|
T,1101,19.0,10,5,12,1001.0,0,0,G0,0|T,1102,19.0,8.8,5,12,1001.0,0,0,G0,0|T,1201,19.0,20,5,12,1001.0,0,0,G0,0|T,1202,19.0,18.8,5,12,1001.0,0,0,G0,0|
T,1101,19.9,10,5,12,1001.1,0,0,G0,0|T,1102,19.9,8.8,5,12,1001.1,0,0,G0,0|
T,1101,20.8,10,5,12,1001.2,0,0,G0,0|T,1102,20.8,8.8,5,12,1001.2,0,0,G0,0|T,1201,20.8,20,5,12,1001.2,0,0,G0,0|T,1202,20.8,18.8,5,12,1001.2,0,0,G0,0|
T,1101,21.7,10,5,12,1001.3,0,0,G0,0|T,1102,21.7,8.8,5,12,1001.3,0,0,G0,0|
T,1101,22.6,10,5,12,1001.4,0,0,G0,0|T,1102,22.6,8.8,5,12,1001.4,0,0,G0,0|T,1201,22.6,20,5,12,1001.4,0,0,G0,0|T,1202,22.6,18.8,5,12,1001.4,0,0,G0,0|
T,1101,23.5,10,5,12,1001.5,0,0,G0,0|T,1102,23.5,8.8,5,12,1001.5,0,0,G0,0|
T,1101,24.4,10,5,12,1001.6,0,0,G0,0|T,1102,24.4,8.8,5,12,1001.6,0,0,G0,0|T,1201,24.4,20,5,12,1001.6,0,0,G0,0|T,1202,24.4,18.8,5,12,1001.6,0,0,G0,0|
T,1101,25.3,10,5,12,1001.7,0,0,G0,0|T,1102,25.3,8.8,5,12,1001.7,0,0,G0,0|
T,1101,26.2,10,5,12,1001.8,0,0,G0,0|T,1102,26.2,8.8,5,12,1001.8,0,0,G0,0|T,1201,26.2,20,5,12,1001.8,0,0,G0,0|T,1202,26.2,18.8,5,12,1001.8,0,0,G0,0|
T,1101,27.1,10,5,12,1001.9,0,0,G0,0|T,1102,27.1,8.8,5,12,1001.9,0,0,G0,0|
T,1101,28.0,10,5,12,1002.0,0,0,G0,0|T,1102,28.0,8.8,5,12,1002.0,0,0,G0,0|T,1201,28.0,20,5,12,1002.0,0,0,G0,0|T,1202,28.0,18.8,5,12,1002.0,0,0,G0,0|
T,1101,28.9,10,5,12,1002.1,0,0,G0,0|T,1102,28.9,8.8,5,12,1002.1,0,0,G0,0|
T,1101,29.8,10,5,12,1002.2,0,0,G0,0|T,1102,29.8,8.8,5,12,1002.2,0,0,G0,0|T,1201,29.8,20,5,12,1002.2,0,0,G0,0|T,1202,29.8,18.8,5,12,1002.2,0,0,G0,0|
T,1101,30.7,10,5,12,1002.3,0,0,G0,0|T,1102,30.7,8.8,5,12,1002.3,0,0,G0,0|
T,1101,31.6,10,5,12,1002.4,0,0,G0,0|T,1102,31.6,8.8,5,12,1002.4,0,0,G0,0|T,1201,31.6,20,5,12,1002.4,0,0,G0,0|T,1202,31.6,18.8,5,12,1002.4,0,0,G0,0|
T,1101,32.5,10,5,12,1002.5,0,0,G0,0|T,1102,32.5,8.8,5,12,1002.5,0,0,G0,0|
T,1101,33.4,10,5,12,1002.6,0,0,G0,0|T,1102,33.4,8.8,5,12,1002.6,0,0,G0,0|T,1201,33.4,20,5,12,1002.6,0,0,G0,0|T,1202,33.4,18.8,5,12,1002.6,0,0,G0,0|
T,1101,34.3,10,5,12,1002.7,0,0,G0,0|T,1102,34.3,8.8,5,12,1002.7,0,0,G0,0|
T,1101,35.2,10,5,12,1002.8,0,0,G0,0|T,1102,35.2,8.8,5,12,1002.8,0,0,G0,0|T,1201,35.2,20,5,12,1002.8,0,0,G0,0|T,1202,35.2,18.8,5,12,1002.8,0,0,G0,0|
T,1101,36.1,10,5,12,1002.9,0,0,G0,0|T,1102,36.1,8.8,5,12,1002.9,0,0,G0,0|
T,1101,37.0,10,5,12,1003.0,0,0,G0,0|T,1102,37.0,8.8,5,12,1003.0,0,0,G0,0|T,1201,37.0,20,5,12,1003.0,0,0,G0,0|T,1202,37.0,18.8,5,12,1003.0,0,0,G0,0|
T,1101,37.9,10,5,12,1003.1,0,0,G0,0|T,1102,37.9,8.8,5,12,1003.1,0,0,G0,0|
T,1101,38.8,10,5,12,1003.2,0,0,G0,0|T,1102,38.8,8.8,5,12,1003.2,0,0,G0,0|T,1201,38.8,20,5,12,1003.2,0,0,G0,0|T,1202,38.8,18.8,5,12,1003.2,0,0,G0,0|
T,1101,39.7,10,5,12,1003.3,0,0,G0,0|T,1102,39.7,8.8,5,12,1003.3,0,0,G0,0|
T,1101,40.6,10,5,12,1003.4,0,0,G0,0|T,1102,40.6,8.8,5,12,1003.4,0,0,G0,0|T,1201,40.6,20,5,12,1003.4,0,0,G0,0|T,1202,40.6,18.8,5,12,1003.4,0,0,G0,0|
T,1101,41.5,10,5,12,1003.5,0,0,G0,0|T,1102,41.5,8.8,5,12,1003.5,0,0,G0,0|
T,1101,42.4,10,5,12,1003.6,0,0,G0,0|T,1102,42.4,8.8,5,12,1003.6,0,0,G0,0|T,1201,42.4,20,5,12,1003.6,0,0,G0,0|T,1202,42.4,18.8,5,12,1003.6,0,0,G0,0|
T,1101,43.3,10,5,12,1003.7,0,0,G0,0|T,1102,43.3,8.8,5,12,1003.7,0,0,G0,0|
T,1101,44.2,10,5,12,1003.8,0,0,G0,0|T,1102,44.2,8.8,5,12,1003.8,0,0,G0,0|T,1201,44.2,20,5,12,1003.8,0,0,G0,0|T,1202,44.2,18.8,5,12,1003.8,0,0,G0,0|
T,1101,45.1,10,5,12,1003.9,0,0,G0,0|T,1102,45.1,8.8,5,12,1003.9,0,0,G0,0|
T,1101,46.0,10,5,12,1004.0,0,0,G0,0|T,1102,46.0,8.8,5,12,1004.0,0,0,G0,0|T,1201,46.0,20,5,12,1004.0,0,0,G0,0|T,1202,46.0,18.8,5,12,1004.0,0,0,G0,0|
T,1101,46.9,10,5,12,1004.1,0,0,G0,0|T,1102,46.9,8.8,5,12,1004.1,0,0,G0,0|
T,1101,47.8,10,5,12,1004.2,0,0,G0,0|T,1102,47.8,8.8,5,12,1004.2,0,0,G0,0|T,1201,47.8,20,5,12,1004.2,0,0,G0,0|T,1202,47.8,18.8,5,12,1004.2,0,0,G0,0|
T,1101,48.7,10,5,12,1004.3,0,0,G0,0|T,1102,48.7,8.8,5,12,1004.3,0,0,G0,0|
T,1101,49.6,10,5,12,1004.4,0,0,G0,0|T,1102,49.6,8.8,5,12,1004.4,0,0,G0,0|T,1201,49.6,20,5,12,1004.4,0,0,G0,0|T,1202,49.6,18.8,5,12,1004.4,0,0,G0,0|
T,1101,50.5,10,5,12,1004.5,0,0,G0,0|T,1102,50.5,8.8,5,12,1004.5,0,0,G0,0|
T,1101,51.4,10,5,12,1004.6,0,0,G0,0|T,1102,51.4,8.8,5,12,1004.6,0,0,G0,0|T,1201,51.4,20,5,12,1004.6,0,0,G0,0|T,1202,51.4,18.8,5,12,1004.6,0,0,G0,0|
T,1101,52.3,10,5,12,1004.7,0,0,G0,0|T,1102,52.3,8.8,5,12,1004.7,0,0,G0,0|
T,1101,53.2,10,5,12,1004.8,0,0,G0,0|T,1102,53.2,8.8,5,12,1004.8,0,0,G0,0|T,1201,53.2,20,5,12,1004.8,0,0,G0,0|T,1202,53.2,18.8,5,12,1004.8,0,0,G0,0|
T,1101,54.1,10,5,12,1004.9,0,0,G0,0|T,1102,54.1,8.8,5,12,1004.9,0,0,G0,0|
T,1101,55.0,10,5,12,1005.0,0,0,G0,0|T,1102,55.0,8.8,5,12,1005.0,0,0,G0,0|T,1201,55.0,20,5,12,1005.0,0,0,G0,0|T,1202,55.0,18.8,5,12,1005.0,0,0,G0,0|
T,1101,55.9,10,5,12,1005.1,0,0,G0,0|T,1102,55.9,8.8,5,12,1005.1,0,0,G0,0|
T,1101,56.8,10,5,12,1005.2,0,0,G0,0|T,1102,56.8,8.8,5,12,1005.2,0,0,G0,0|T,1201,56.8,20,5,12,1005.2,0,0,G0,0|T,1202,56.8,18.8,5,12,1005.2,0,0,G0,0|
T,1101,57.7,10,5,12,1005.3,0,0,G0,0|T,1102,57.7,8.8,5,12,1005.3,0,0,G0,0|
T,1101,58.6,10,5,12,1005.4,0,0,G0,0|T,1102,58.6,8.8,5,12,1005.4,0,0,G0,0|T,1201,58.6,20,5,12,1005.4,0,0,G0,0|T,1202,58.6,18.8,5,12,1005.4,0,0,G0,0|
T,1101,59.5,10,5,12,1005.5,0,0,G0,0|T,1102,59.5,8.8,5,12,1005.5,0,0,G0,0|
T,1101,60.4,10,5,12,1005.6,0,0,G0,0|T,1102,60.4,8.8,5,12,1005.6,0,0,G0,0|T,1201,60.4,20,5,12,1005.6,0,0,G0,0|T,1202,60.4,18.8,5,12,1005.6,0,0,G0,0|
T,1101,61.3,10,5,12,1005.7,0,0,G0,0|T,1102,61.3,8.8,5,12,1005.7,0,0,G0,0|
T,1101,62.2,10,5,12,1005.8,0,0,G0,0|T,1102,62.2,8.8,5,12,1005.8,0,0,G0,0|T,1201,62.2,20,5,12,1005.8,0,0,G0,0|T,1202,62.2,18.8,5,12,1005.8,0,0,G0,0|
T,1101,63.1,10,5,12,1005.9,0,0,G0,0|T,1102,63.1,8.8,5,12,1005.9,0,0,G0,0|
T,1101,64.0,10,5,12,1006.0,0,0,G0,0|T,1102,64.0,8.8,5,12,1006.0,0,0,G0,0|T,1201,64.0,20,5,12,1006.0,0,0,G0,0|T,1202,64.0,18.8,5,12,1006.0,0,0,G0,0|
T,1101,64.9,10,5,12,1006.1,0,0,G0,0|T,1102,64.9,8.8,5,12,1006.1,0,0,G0,0|
T,1101,65.8,10,5,12,1006.2,0,0,G0,0|T,1102,65.8,8.8,5,12,1006.2,0,0,G0,0|T,1201,65.8,20,5,12,1006.2,0,0,G0,0|T,1202,65.8,18.8,5,12,1006.2,0,0,G0,0|
T,1101,66.7,10,5,12,1006.3,0,0,G0,0|T,1102,66.7,8.8,5,12,1006.3,0,0,G0,0|
T,1101,67.6,10,5,12,1006.4,0,0,G0,0|T,1102,67.6,8.8,5,12,1006.4,0,0,G0,0|T,1201,67.6,20,5,12,1006.4,0,0,G0,0|T,1202,67.6,18.8,5,12,1006.4,0,0,G0,0|
T,1101,68.5,10,5,12,1006.5,0,0,G0,0|T,1102,68.5,8.8,5,12,1006.5,0,0,G0,0|
T,1101,69.4,10,5,12,1006.6,0,0,G0,0|T,1102,69.4,8.8,5,12,1006.6,0,0,G0,0|T,1201,69.4,20,5,12,1006.6,0,0,G0,0|T,1202,69.4,18.8,5,12,1006.6,0,0,G0,0|
T,1101,70.3,10,5,12,1006.7,0,0,G0,0|T,1102,70.3,8.8,5,12,1006.7,0,0,G0,0|
T,1101,71.2,10,5,12,1006.8,0,0,G0,0|T,1102,71.2,8.8,5,12,1006.8,0,0,G0,0|T,1201,71.2,20,5,12,1006.8,0,0,G0,0|T,1202,71.2,18.8,5,12,1006.8,0,0,G0,0|
T,1101,72.1,10,5,12,1006.9,0,0,G0,0|T,1102,72.1,8.8,5,12,1006.9,0,0,G0,0|
T,1101,73.0,10,5,12,1007.0,0,0,G0,0|T,1102,73.0,8.8,5,12,1007.0,0,0,G0,0|T,1201,73.0,20,5,12,1007.0,0,0,G0,0|T,1202,73.0,18.8,5,12,1007.0,0,0,G0,0|
T,1101,73.9,10,5,12,1007.1,0,0,G0,0|T,1102,73.9,8.8,5,12,1007.1,0,0,G0,0|
T,1101,74.8,10,5,12,1007.2,0,0,G0,0|T,1102,74.8,8.8,5,12,1007.2,0,0,G0,0|T,1201,74.8,20,5,12,1007.2,0,0,G0,0|T,1202,74.8,18.8,5,12,1007.2,0,0,G0,0|
T,1101,75.7,10,5,12,1007.3,0,0,G0,0|T,1102,75.7,8.8,5,12,1007.3,0,0,G0,0|
T,1101,76.6,10,5,12,1007.4,0,0,G0,0|T,1102,76.6,8.8,5,12,1007.4,0,0,G0,0|T,1201,76.6,20,5,12,1007.4,0,0,G0,0|T,1202,76.6,18.8,5,12,1007.4,0,0,G0,0|
T,1101,77.5,10,5,12,1007.5,0,0,G0,0|T,1102,77.5,8.8,5,12,1007.5,0,0,G0,0|
T,1101,78.4,10,5,12,1007.6,0,0,G0,0|T,1102,78.4,8.8,5,12,1007.6,0,0,G0,0|T,1201,78.4,20,5,12,1007.6,0,0,G0,0|T,1202,78.4,18.8,5,12,1007.6,0,0,G0,0|
T,1101,79.3,10,5,12,1007.7,0,0,G0,0|T,1102,79.3,8.8,5,12,1007.7,0,0,G0,0|
T,1101,80.2,10,5,12,1007.8,0,0,G0,0|T,1102,80.2,8.8,5,12,1007.8,0,0,G0,0|T,1201,80.2,20,5,12,1007.8,0,0,G0,0|T,1202,80.2,18.8,5,12,1007.8,0,0,G0,0|
T,1101,81.1,10,5,12,1007.9,0,0,G0,0|T,1102,81.1,8.8,5,12,1007.9,0,0,G0,0|
T,1101,82.0,10,5,12,1008.0,0,0,G0,0|T,1102,82.0,8.8,5,12,1008.0,0,0,G0,0|T,1201,82.0,20,5,12,1008.0,0,0,G0,0|T,1202,82.0,18.8,5,12,1008.0,0,0,G0,0|
T,1101,82.9,10,5,12,1008.1,0,0,G0,0|T,1102,82.9,8.8,5,12,1008.1,0,0,G0,0|
T,1101,83.8,10,5,12,1008.2,0,0,G0,0|T,1102,83.8,8.8,5,12,1008.2,0,0,G0,0|T,1201,83.8,20,5,12,1008.2,0,0,G0,0|T,1202,83.8,18.8,5,12,1008.2,0,0,G0,0|
T,1101,84.7,10,5,12,1008.3,0,0,G0,0|T,1102,84.7,8.8,5,12,1008.3,0,0,G0,0|
T,1101,85.6,10,5,12,1008.4,0,0,G0,0|T,1102,85.6,8.8,5,12,1008.4,0,0,G0,0|T,1201,85.6,20,5,12,1008.4,0,0,G0,0|T,1202,85.6,18.8,5,12,1008.4,0,0,G0,0|
T,1101,86.5,10,5,12,1008.5,0,0,G0,0|T,1102,86.5,8.8,5,12,1008.5,0,0,G0,0|
T,1101,87.4,10,5,12,1008.6,0,0,G0,0|T,1102,87.4,8.8,5,12,1008.6,0,0,G0,0|T,1201,87.4,20,5,12,1008.6,0,0,G0,0|T,1202,87.4,18.8,5,12,1008.6,0,0,G0,0|
T,1101,88.3,10,5,12,1008.7,0,0,G0,0|T,1102,88.3,8.8,5,12,1008.7,0,0,G0,0|
T,1101,89.2,10,5,12,1008.8,0,0,G0,0|T,1102,89.2,8.8,5,12,1008.8,0,0,G0,0|T,1201,89.2,20,5,12,1008.8,0,0,G0,0|T,1202,89.2,18.8,5,12,1008.8,0,0,G0,0|
T,1101,90.1,10,5,12,1008.9,0,0,G0,0|T,1102,90.1,8.8,5,12,1008.9,0,0,G0,0|
T,1101,91.0,10,5,12,1009.0,0,0,G0,0|T,1102,91.0,8.8,5,12,1009.0,0,0,G0,0|T,1201,91.0,20,5,12,1009.0,0,0,G0,0|T,1202,91.0,18.8,5,12,1009.0,0,0,G0,0|
T,1101,91.9,10,5,12,1009.1,0,0,G0,0|T,1102,91.9,8.8,5,12,1009.1,0,0,G0,0|
T,1101,92.8,10,5,12,1009.2,0,0,G0,0|T,1102,92.8,8.8,5,12,1009.2,0,0,G0,0|T,1201,92.8,20,5,12,1009.2,0,0,G0,0|T,1202,92.8,18.8,5,12,1009.2,0,0,G0,0|
T,1101,93.7,10,5,12,1009.3,0,0,G0,0|T,1102,93.7,8.8,5,12,1009.3,0,0,G0,0|
T,1101,94.6,10,5,12,1009.4,0,0,G0,0|T,1102,94.6,8.8,5,12,1009.4,0,0,G0,0|T,1201,94.6,20,5,12,1009.4,0,0,G0,0|T,1202,94.6,18.8,5,12,1009.4,0,0,G0,0|
T,1101,95.5,10,5,12,1009.5,0,0,G0,0|T,1102,95.5,8.8,5,12,1009.5,0,0,G0,0|
T,1101,96.4,10,5,12,1009.6,0,0,G0,0|T,1102,96.4,8.8,5,12,1009.6,0,0,G0,0|T,1201,96.4,20,5,12,1009.6,0,0,G0,0|T,1202,96.4,18.8,5,12,1009.6,0,0,G0,0|
T,1101,97.3,10,5,12,1009.7,0,0,G0,0|T,1102,97.3,8.8,5,12,1009.7,0,0,G0,0|
T,1101,98.2,10,5,12,1009.8,0,0,G0,0|T,1102,98.2,8.8,5,12,1009.8,0,0,G0,0|T,1201,98.2,20,5,12,1009.8,0,0,G0,0|T,1202,98.2,18.8,5,12,1009.8,0,0,G0,0|
T,1101,99.1,10,5,12,1009.9,0,0,G0,0|T,1102,99.1,8.8,5,12,1009.9,0,0,G0,0|
T,1101,100.0,10,5,12,1010.0,0,0,G0,0|T,1102,100.0,8.8,5,12,1010.0,0,0,G0,0|T,1201,100.0,20,5,12,1010.0,0,0,G0,0|T,1202,100.0,18.8,5,12,1010.0,0,0,G0,0|
T,1101,100.9,10,5,12,1010.1,0,0,G0,0|T,1102,100.9,8.8,5,12,1010.1,0,0,G0,0|
T,1101,101.8,10,5,12,1010.2,0,0,G0,0|T,1102,101.8,8.8,5,12,1010.2,0,0,G0,0|T,1201,101.8,20,5,12,1010.2,0,0,G0,0|T,1202,101.8,18.8,5,12,1010.2,0,0,G0,0|
T,1101,102.7,10,5,12,1010.3,0,0,G0,0|T,1102,102.7,8.8,5,12,1010.3,0,0,G0,0|
T,1101,103.6,10,5,12,1010.4,0,0,G0,0|T,1102,103.6,8.8,5,12,1010.4,0,0,G0,0|T,1201,103.6,20,5,12,1010.4,0,0,G0,0|T,1202,103.6,18.8,5,12,1010.4,0,0,G0,0|
T,1101,104.5,10,5,12,1010.5,0,0,G0,0|T,1102,104.5,8.8,5,12,1010.5,0,0,G0,0|
T,1101,105.4,10,5,12,1010.6,0,0,G0,0|T,1102,105.4,8.8,5,12,1010.6,0,0,G0,0|T,1201,105.4,20,5,12,1010.6,0,0,G0,0|T,1202,105.4,18.8,5,12,1010.6,0,0,G0,0|
T,1101,106.3,10,5,12,1010.7,0,0,G0,0|T,1102,106.3,8.8,5,12,1010.7,0,0,G0,0|
T,1101,107.2,10,5,12,1010.8,0,0,G0,0|T,1102,107.2,8.8,5,12,1010.8,0,0,G0,0|T,1201,107.2,20,5,12,1010.8,0,0,G0,0|T,1202,107.2,18.8,5,12,1010.8,0,0,G0,0|
T,1101,108.1,10,5,12,1010.9,0,0,G0,0|T,1102,108.1,8.8,5,12,1010.9,0,0,G0,0|
T,1101,109.0,10,5,12,1011.0,0,0,G0,0|T,1102,109.0,8.8,5,12,1011.0,0,0,G0,0|T,1201,109.0,20,5,12,1011.0,0,0,G0,0|T,1202,109.0,18.8,5,12,1011.0,0,0,G0,0|
T,1101,109.9,10,5,12,1011.1,0,0,G0,0|T,1102,109.9,8.8,5,12,1011.1,0,0,G0,0|
T,1101,110.8,10,5,12,1011.2,0,0,G0,0|T,1102,110.8,8.8,5,12,1011.2,0,0,G0,0|T,1201,110.8,20,5,12,1011.2,0,0,G0,0|T,1202,110.8,18.8,5,12,1011.2,0,0,G0,0|
T,1101,111.7,10,5,12,1011.3,0,0,G0,0|T,1102,111.7,8.8,5,12,1011.3,0,0,G0,0|
T,1101,112.6,10,5,12,1011.4,0,0,G0,0|T,1102,112.6,8.8,5,12,1011.4,0,0,G0,0|T,1201,112.6,20,5,12,1011.4,0,0,G0,0|T,1202,112.6,18.8,5,12,1011.4,0,0,G0,0|
T,1101,113.5,10,5,12,1011.5,0,0,G0,0|T,1102,113.5,8.8,5,12,1011.5,0,0,G0,0|
T,1101,114.4,10,5,12,1011.6,0,0,G0,0|T,1102,114.4,8.8,5,12,1011.6,0,0,G0,0|T,1201,114.4,20,5,12,1011.6,0,0,G0,0|T,1202,114.4,18.8,5,12,1011.6,0,0,G0,0|
T,1101,115.3,10,5,12,1011.7,0,0,G0,0|T,1102,115.3,8.8,5,12,1011.7,0,0,G0,0|
T,1101,116.2,10,5,12,1011.8,0,0,G0,0|T,1102,116.2,8.8,5,12,1011.8,0,0,G0,0|T,1201,116.2,20,5,12,1011.8,0,0,G0,0|T,1202,116.2,18.8,5,12,1011.8,0,0,G0,0|
T,1101,117.1,10,5,12,1011.9,0,0,G0,0|T,1102,117.1,8.8,5,12,1011.9,0,0,G0,0|
T,1101,118.0,10,5,12,1012.0,0,0,G0,0|T,1102,118.0,8.8,5,12,1012.0,0,0,G0,0|T,1201,118.0,20,5,12,1012.0,0,0,G0,0|T,1202,118.0,18.8,5,12,1012.0,0,0,G0,0|
T,1101,118.9,10,5,12,1012.1,0,0,G0,0|T,1102,118.9,8.8,5,12,1012.1,0,0,G0,0|
T,1101,119.8,10,5,12,1012.2,0,0,G0,0|T,1102,119.8,8.8,5,12,1012.2,0,0,G0,0|T,1201,119.8,20,5,12,1012.2,0,0,G0,0|T,1202,119.8,18.8,5,12,1012.2,0,0,G0,0|
T,1101,120.7,10,5,12,1012.3,0,0,G0,0|T,1102,120.7,8.8,5,12,1012.3,0,0,G0,0|
T,1101,121.6,10,5,12,1012.4,0,0,G0,0|T,1102,121.6,8.8,5,12,1012.4,0,0,G0,0|T,1201,121.6,20,5,12,1012.4,0,0,G0,0|T,1202,121.6,18.8,5,12,1012.4,0,0,G0,0|
T,1101,122.5,10,5,12,1012.5,0,0,G0,0|T,1102,122.5,8.8,5,12,1012.5,0,0,G0,0|
T,1101,123.4,10,5,12,1012.6,0,0,G0,0|T,1102,123.4,8.8,5,12,1012.6,0,0,G0,0|T,1201,123.4,20,5,12,1012.6,0,0,G0,0|T,1202,123.4,18.8,5,12,1012.6,0,0,G0,0|
T,1101,124.3,10,5,12,1012.7,0,0,G0,0|T,1102,124.3,8.8,5,12,1012.7,0,0,G0,0|
T,1101,125.2,10,5,12,1012.8,0,0,G0,0|T,1102,125.2,8.8,5,12,1012.8,0,0,G0,0|T,1201,125.2,20,5,12,1012.8,0,0,G0,0|T,1202,125.2,18.8,5,12,1012.8,0,0,G0,0|
T,1101,126.1,10,5,12,1012.9,0,0,G0,0|T,1102,126.1,8.8,5,12,1012.9,0,0,G0,0|
T,1101,127.0,10,5,12,1013.0,0,0,G0,0|T,1102,127.0,8.8,5,12,1013.0,0,0,G0,0|T,1201,127.0,20,5,12,1013.0,0,0,G0,0|T,1202,127.0,18.8,5,12,1013.0,0,0,G0,0|
T,1101,127.9,10,5,12,1013.1,0,0,G0,0|T,1102,127.9,8.8,5,12,1013.1,0,0,G0,0|
T,1101,128.8,10,5,12,1013.2,0,0,G0,0|T,1102,128.8,8.8,5,12,1013.2,0,0,G0,0|T,1201,128.8,20,5,12,1013.2,0,0,G0,0|T,1202,128.8,18.8,5,12,1013.2,0,0,G0,0|
T,1101,129.7,10,5,12,1013.3,0,0,G0,0|T,1102,129.7,8.8,5,12,1013.3,0,0,G0,0|
T,1101,130.6,10,5,12,1013.4,0,0,G0,0|T,1102,130.6,8.8,5,12,1013.4,0,0,G0,0|T,1201,130.6,20,5,12,1013.4,0,0,G0,0|T,1202,130.6,18.8,5,12,1013.4,0,0,G0,0|
T,1101,131.5,10,5,12,1013.5,0,0,G0,0|T,1102,131.5,8.8,5,12,1013.5,0,0,G0,0|
T,1101,132.4,10,5,12,1013.6,0,0,G0,0|T,1102,132.4,8.8,5,12,1013.6,0,0,G0,0|T,1201,132.4,20,5,12,1013.6,0,0,G0,0|T,1202,132.4,18.8,5,12,1013.6,0,0,G0,0|
T,1101,133.3,10,5,12,1013.7,0,0,G0,0|T,1102,133.3,8.8,5,12,1013.7,0,0,G0,0|
T,1101,134.2,10,5,12,1013.8,0,0,G0,0|T,1102,134.2,8.8,5,12,1013.8,0,0,G0,0|T,1201,134.2,20,5,12,1013.8,0,0,G0,0|T,1202,134.2,18.8,5,12,1013.8,0,0,G0,0|
T,1101,135.1,10,5,12,1013.9,0,0,G0,0|T,1102,135.1,8.8,5,12,1013.9,0,0,G0,0|
T,1101,136.0,10,5,12,1014.0,0,0,G0,0|T,1102,136.0,8.8,5,12,1014.0,0,0,G0,0|T,1201,136.0,20,5,12,1014.0,0,0,G0,0|T,1202,136.0,18.8,5,12,1014.0,0,0,G0,0|
T,1101,136.9,10,5,12,1014.1,0,0,G0,0|T,1102,136.9,8.8,5,12,1014.1,0,0,G0,0|
T,1101,137.8,10,5,12,1014.2,0,0,G0,0|T,1102,137.8,8.8,5,12,1014.2,0,0,G0,0|T,1201,137.8,20,5,12,1014.2,0,0,G0,0|T,1202,137.8,18.8,5,12,1014.2,0,0,G0,0|
T,1101,138.7,10,5,12,1014.3,0,0,G0,0|T,1102,138.7,8.8,5,12,1014.3,0,0,G0,0|
T,1101,139.6,10,5,12,1014.4,0,0,G0,0|T,1102,139.6,8.8,5,12,1014.4,0,0,G0,0|T,1201,139.6,20,5,12,1014.4,0,0,G0,0|T,1202,139.6,18.8,5,12,1014.4,0,0,G0,0|
T,1101,140.5,10,5,12,1014.5,0,0,G0,0|T,1102,140.5,8.8,5,12,1014.5,0,0,G0,0|
T,1101,141.4,10,5,12,1014.6,0,0,G0,0|T,1102,141.4,8.8,5,12,1014.6,0,0,G0,0|T,1201,141.4,20,5,12,1014.6,0,0,G0,0|T,1202,141.4,18.8,5,12,1014.6,0,0,G0,0|
T,1101,142.3,10,5,12,1014.7,0,0,G0,0|T,1102,142.3,8.8,5,12,1014.7,0,0,G0,0|
T,1101,143.2,10,5,12,1014.8,0,0,G0,0|T,1102,143.2,8.8,5,12,1014.8,0,0,G0,0|T,1201,143.2,20,5,12,1014.8,0,0,G0,0|T,1202,143.2,18.8,5,12,1014.8,0,0,G0,0|
T,1101,144.1,10,5,12,1014.9,0,0,G0,0|T,1102,144.1,8.8,5,12,1014.9,0,0,G0,0|
T,1101,145.0,10,5,12,1015.0,0,0,G0,0|T,1102,145.0,8.8,5,12,1015.0,0,0,G0,0|T,1201,145.0,20,5,12,1015.0,0,0,G0,0|T,1202,145.0,18.8,5,12,1015.0,0,0,G0,0|
T,1101,145.9,10,5,12,1015.1,0,0,G0,0|T,1102,145.9,8.8,5,12,1015.1,0,0,G0,0|
T,1101,146.8,10,5,12,1015.2,0,0,G0,0|T,1102,146.8,8.8,5,12,1015.2,0,0,G0,0|T,1201,146.8,20,5,12,1015.2,0,0,G0,0|T,1202,146.8,18.8,5,12,1015.2,0,0,G0,0|
T,1101,147.7,10,5,12,1015.3,0,0,G0,0|T,1102,147.7,8.8,5,12,1015.3,0,0,G0,0|
T,1101,148.6,10,5,12,1015.4,0,0,G0,0|T,1102,148.6,8.8,5,12,1015.4,0,0,G0,0|T,1201,148.6,20,5,12,1015.4,0,0,G0,0|T,1202,148.6,18.8,5,12,1015.4,0,0,G0,0|
T,1101,149.5,10,5,12,1015.5,0,0,G0,0|T,1102,149.5,8.8,5,12,1015.5,0,0,G0,0|
T,1101,150.4,10,5,12,1015.6,0,0,G0,0|T,1102,150.4,8.8,5,12,1015.6,0,0,G0,0|T,1201,150.4,20,5,12,1015.6,0,0,G0,0|T,1202,150.4,18.8,5,12,1015.6,0,0,G0,0|
T,1101,151.3,10,5,12,1015.7,0,0,G0,0|T,1102,151.3,8.8,5,12,1015.7,0,0,G0,0|
T,1101,152.2,10,5,12,1015.8,0,0,G0,0|T,1102,152.2,8.8,5,12,1015.8,0,0,G0,0|T,1201,152.2,20,5,12,1015.8,0,0,G0,0|T,1202,152.2,18.8,5,12,1015.8,0,0,G0,0|
T,1101,153.1,10,5,12,1015.9,0,0,G0,0|T,1102,153.1,8.8,5,12,1015.9,0,0,G0,0|
T,1101,154.0,10,5,12,1016.0,0,0,G0,0|T,1102,154.0,8.8,5,12,1016.0,0,0,G0,0|T,1201,154.0,20,5,12,1016.0,0,0,G0,0|T,1202,154.0,18.8,5,12,1016.0,0,0,G0,0|
T,1101,154.9,10,5,12,1016.1,0,0,G0,0|T,1102,154.9,8.8,5,12,1016.1,0,0,G0,0|
T,1101,155.8,10,5,12,1016.2,0,0,G0,0|T,1102,155.8,8.8,5,12,1016.2,0,0,G0,0|T,1201,155.8,20,5,12,1016.2,0,0,G0,0|T,1202,155.8,18.8,5,12,1016.2,0,0,G0,0|
T,1101,156.7,10,5,12,1016.3,0,0,G0,0|T,1102,156.7,8.8,5,12,1016.3,0,0,G0,0|
T,1101,157.6,10,5,12,1016.4,0,0,G0,0|T,1102,157.6,8.8,5,12,1016.4,0,0,G0,0|T,1201,157.6,20,5,12,1016.4,0,0,G0,0|T,1202,157.6,18.8,5,12,1016.4,0,0,G0,0|
T,1101,158.5,10,5,12,1016.5,0,0,G0,0|T,1102,158.5,8.8,5,12,1016.5,0,0,G0,0|
T,1101,159.4,10,5,12,1016.6,0,0,G0,0|T,1102,159.4,8.8,5,12,1016.6,0,0,G0,0|T,1201,159.4,20,5,12,1016.6,0,0,G0,0|T,1202,159.4,18.8,5,12,1016.6,0,0,G0,0|
T,1101,160.3,10,5,12,1016.7,0,0,G0,0|T,1102,160.3,8.8,5,12,1016.7,0,0,G0,0|
T,1101,161.2,10,5,12,1016.8,0,0,G0,0|T,1102,161.2,8.8,5,12,1016.8,0,0,G0,0|T,1201,161.2,20,5,12,1016.8,0,0,G0,0|T,1202,161.2,18.8,5,12,1016.8,0,0,G0,0|
T,1101,162.1,10,5,12,1016.9,0,0,G0,0|T,1102,162.1,8.8,5,12,1016.9,0,0,G0,0|
T,1101,163.0,10,5,12,1017.0,0,0,G0,0|T,1102,163.0,8.8,5,12,1017.0,0,0,G0,0|T,1201,163.0,20,5,12,1017.0,0,0,G0,0|T,1202,163.0,18.8,5,12,1017.0,0,0,G0,0|
T,1101,163.9,10,5,12,1017.1,0,0,G0,0|T,1102,163.9,8.8,5,12,1017.1,0,0,G0,0|
T,1101,164.8,10,5,12,1017.2,0,0,G0,0|T,1102,164.8,8.8,5,12,1017.2,0,0,G0,0|T,1201,164.8,20,5,12,1017.2,0,0,G0,0|T,1202,164.8,18.8,5,12,1017.2,0,0,G0,0|
T,1101,165.7,10,5,12,1017.3,0,0,G0,0|T,1102,165.7,8.8,5,12,1017.3,0,0,G0,0|
T,1101,166.6,10,5,12,1017.4,0,0,G0,0|T,1102,166.6,8.8,5,12,1017.4,0,0,G0,0|T,1201,166.6,20,5,12,1017.4,0,0,G0,0|T,1202,166.6,18.8,5,12,1017.4,0,0,G0,0|
T,1101,167.5,10,5,12,1017.5,0,0,G0,0|T,1102,167.5,8.8,5,12,1017.5,0,0,G0,0|
T,1101,168.4,10,5,12,1017.6,0,0,G0,0|T,1102,168.4,8.8,5,12,1017.6,0,0,G0,0|T,1201,168.4,20,5,12,1017.6,0,0,G0,0|T,1202,168.4,18.8,5,12,1017.6,0,0,G0,0|
T,1101,169.3,10,5,12,1017.7,0,0,G0,0|T,1102,169.3,8.8,5,12,1017.7,0,0,G0,0|
T,1101,170.2,10,5,12,1017.8,0,0,G0,0|T,1102,170.2,8.8,5,12,1017.8,0,0,G0,0|T,1201,170.2,20,5,12,1017.8,0,0,G0,0|T,1202,170.2,18.8,5,12,1017.8,0,0,G0,0|
T,1101,171.1,10,5,12,1017.9,0,0,G0,0|T,1102,171.1,8.8,5,12,1017.9,0,0,G0,0|
T,1101,172.0,10,5,12,1018.0,0,0,G0,0|T,1102,172.0,8.8,5,12,1018.0,0,0,G0,0|T,1201,172.0,20,5,12,1018.0,0,0,G0,0|T,1202,172.0,18.8,5,12,1018.0,0,0,G0,0|
T,1101,172.9,10,5,12,1018.1,0,0,G0,0|T,1102,172.9,8.8,5,12,1018.1,0,0,G0,0|
T,1101,173.8,10,5,12,1018.2,0,0,G0,0|T,1102,173.8,8.8,5,12,1018.2,0,0,G0,0|T,1201,173.8,20,5,12,1018.2,0,0,G0,0|T,1202,173.8,18.8,5,12,1018.2,0,0,G0,0|
T,1101,174.7,10,5,12,1018.3,0,0,G0,0|T,1102,174.7,8.8,5,12,1018.3,0,0,G0,0|
T,1101,175.6,10,5,12,1018.4,0,0,G0,0|T,1102,175.6,8.8,5,12,1018.4,0,0,G0,0|T,1201,175.6,20,5,12,1018.4,0,0,G0,0|T,1202,175.6,18.8,5,12,1018.4,0,0,G0,0|
T,1101,176.5,10,5,12,1018.5,0,0,G0,0|T,1102,176.5,8.8,5,12,1018.5,0,0,G0,0|
T,1101,177.4,10,5,12,1018.6,0,0,G0,0|T,1102,177.4,8.8,5,12,1018.6,0,0,G0,0|T,1201,177.4,20,5,12,1018.6,0,0,G0,0|T,1202,177.4,18.8,5,12,1018.6,0,0,G0,0|
T,1101,178.3,10,5,12,1018.7,0,0,G0,0|T,1102,178.3,8.8,5,12,1018.7,0,0,G0,0|
T,1101,179.2,10,5,12,1018.8,0,0,G0,0|T,1102,179.2,8.8,5,12,1018.8,0,0,G0,0|T,1201,179.2,20,5,12,1018.8,0,0,G0,0|T,1202,179.2,18.8,5,12,1018.8,0,0,G0,0|
T,1101,180.1,10,5,12,1018.9,0,0,G0,0|T,1102,180.1,8.8,5,12,1018.9,0,0,G0,0|
T,1101,181.0,10,5,12,1019.0,0,0,G0,0|T,1102,181.0,8.8,5,12,1019.0,0,0,G0,0|T,1201,181.0,20,5,12,1019.0,0,0,G0,0|T,1202,181.0,18.8,5,12,1019.0,0,0,G0,0|
T,1101,181.9,10,5,12,1019.1,0,0,G0,0|T,1102,181.9,8.8,5,12,1019.1,0,0,G0,0|
T,1101,182.8,10,5,12,1019.2,0,0,G0,0|T,1102,182.8,8.8,5,12,1019.2,0,0,G0,0|T,1201,182.8,20,5,12,1019.2,0,0,G0,0|T,1202,182.8,18.8,5,12,1019.2,0,0,G0,0|
T,1101,183.7,10,5,12,1019.3,0,0,G0,0|T,1102,183.7,8.8,5,12,1019.3,0,0,G0,0|
T,1101,184.6,10,5,12,1019.4,0,0,G0,0|T,1102,184.6,8.8,5,12,1019.4,0,0,G0,0|T,1201,184.6,20,5,12,1019.4,0,0,G0,0|T,1202,184.6,18.8,5,12,1019.4,0,0,G0,0|
T,1101,185.5,10,5,12,1019.5,0,0,G0,0|T,1102,185.5,8.8,5,12,1019.5,0,0,G0,0|
T,1101,186.4,10,5,12,1019.6,0,0,G0,0|T,1102,186.4,8.8,5,12,1019.6,0,0,G0,0|T,1201,186.4,20,5,12,1019.6,0,0,G0,0|T,1202,186.4,18.8,5,12,1019.6,0,0,G0,0|
T,1101,187.3,10,5,12,1019.7,0,0,G0,0|T,1102,187.3,8.8,5,12,1019.7,0,0,G0,0|
T,1101,188.2,10,5,12,1019.8,0,0,G0,0|T,1102,188.2,8.8,5,12,1019.8,0,0,G0,0|T,1201,188.2,20,5,12,1019.8,0,0,G0,0|T,1202,188.2,18.8,5,12,1019.8,0,0,G0,0|
T,1101,189.1,10,5,12,1019.9,0,0,G0,0|T,1102,189.1,8.8,5,12,1019.9,0,0,G0,0|
T,1101,190.0,10,5,12,1020.0,0,0,G0,0|T,1102,190.0,8.8,5,12,1020.0,0,0,G0,0|T,1201,190.0,20,5,12,1020.0,0,0,G0,0|T,1202,190.0,18.8,5,12,1020.0,0,0,G0,0|
